       1.000E-03 1.362E+00 1.038E-02 3.605E+03 0.000E+00 0.000E+00 3.606E+03 3.605E+03
       1.500E-03 1.247E+00 2.116E-02 1.190E+03 0.000E+00 0.000E+00 1.191E+03 1.190E+03
       2.000E-03 1.116E+00 3.339E-02 5.269E+02 0.000E+00 0.000E+00 5.280E+02 5.269E+02
       3.000E-03 8.635E-01 5.748E-02 1.616E+02 0.000E+00 0.000E+00 1.625E+02 1.616E+02
       3.203E-03 8.182E-01 6.196E-02 1.331E+02 0.000E+00 0.000E+00 1.340E+02 1.331E+02
       4.000E-03 6.648E-01 7.770E-02 7.712E+01 0.000E+00 0.000E+00 7.787E+01 7.720E+01
       5.000E-03 5.218E-01 9.331E-02 3.965E+01 0.000E+00 0.000E+00 4.027E+01 3.975E+01
       6.000E-03 4.208E-01 1.051E-01 2.288E+01 0.000E+00 0.000E+00 2.340E+01 2.298E+01
       8.000E-03 2.946E-01 1.213E-01 9.501E+00 0.000E+00 0.000E+00 9.917E+00 9.622E+00
       1.000E-02 2.223E-01 1.316E-01 4.765E+00 0.000E+00 0.000E+00 5.119E+00 4.897E+00
       1.500E-02 1.314E-01 1.471E-01 1.335E+00 0.000E+00 0.000E+00 1.613E+00 1.482E+00
       2.000E-02 8.752E-02 1.556E-01 5.347E-01 0.000E+00 0.000E+00 7.778E-01 6.903E-01
       3.000E-02 4.619E-02 1.625E-01 1.451E-01 0.000E+00 0.000E+00 3.538E-01 3.076E-01
       4.000E-02 2.828E-02 1.632E-01 5.703E-02 0.000E+00 0.000E+00 2.485E-01 2.202E-01
       5.000E-02 1.905E-02 1.614E-01 2.754E-02 0.000E+00 0.000E+00 2.079E-01 1.889E-01
       6.000E-02 1.370E-02 1.586E-01 1.517E-02 0.000E+00 0.000E+00 1.875E-01 1.738E-01
       8.000E-02 8.028E-03 1.523E-01 5.910E-03 0.000E+00 0.000E+00 1.662E-01 1.582E-01
       1.000E-01 5.254E-03 1.460E-01 2.845E-03 0.000E+00 0.000E+00 1.541E-01 1.489E-01
       1.500E-01 2.396E-03 1.324E-01 7.599E-04 0.000E+00 0.000E+00 1.356E-01 1.332E-01
       2.000E-01 1.361E-03 1.217E-01 3.024E-04 0.000E+00 0.000E+00 1.233E-01 1.220E-01
       3.000E-01 6.096E-04 1.061E-01 8.600E-05 0.000E+00 0.000E+00 1.067E-01 1.061E-01
       4.000E-01 3.438E-04 9.511E-02 3.696E-05 0.000E+00 0.000E+00 9.549E-02 9.514E-02
       5.000E-01 2.203E-04 8.688E-02 1.997E-05 0.000E+00 0.000E+00 8.712E-02 8.690E-02
       6.000E-01 1.531E-04 8.039E-02 1.245E-05 0.000E+00 0.000E+00 8.055E-02 8.040E-02
       8.000E-01 8.618E-05 7.064E-02 6.294E-06 0.000E+00 0.000E+00 7.074E-02 7.065E-02
       1.000E+00 5.517E-05 6.352E-02 3.913E-06 0.000E+00 0.000E+00 6.358E-02 6.353E-02
       1.022E+00 5.284E-05 6.287E-02 3.655E-06 0.000E+00 0.000E+00 6.293E-02 6.287E-02
       1.250E+00 3.533E-05 5.682E-02 2.479E-06 1.781E-05 0.000E+00 5.687E-02 5.684E-02
       1.500E+00 2.453E-05 5.162E-02 1.798E-06 9.848E-05 0.000E+00 5.175E-02 5.172E-02
       2.000E+00 1.380E-05 4.407E-02 1.127E-06 3.918E-04 0.000E+00 4.447E-02 4.446E-02
       2.044E+00 1.321E-05 4.351E-02 1.090E-06 4.223E-04 0.000E+00 4.394E-02 4.393E-02
       3.000E+00 6.133E-06 3.467E-02 6.273E-07 1.120E-03 1.213E-05 3.581E-02 3.580E-02
       4.000E+00 3.451E-06 2.892E-02 4.295E-07 1.817E-03 4.952E-05 3.079E-02 3.079E-02
       5.000E+00 2.208E-06 2.497E-02 3.251E-07 2.437E-03 9.869E-05 2.751E-02 2.751E-02
       6.000E+00 1.534E-06 2.207E-02 2.610E-07 2.996E-03 1.516E-04 2.522E-02 2.522E-02
       7.000E+00 1.127E-06 1.984E-02 2.179E-07 3.492E-03 2.044E-04 2.354E-02 2.354E-02
       8.000E+00 8.628E-07 1.806E-02 1.868E-07 3.940E-03 2.556E-04 2.225E-02 2.225E-02
       9.000E+00 6.818E-07 1.660E-02 1.635E-07 4.347E-03 3.048E-04 2.125E-02 2.125E-02
       1.000E+01 5.522E-07 1.538E-02 1.453E-07 4.715E-03 3.516E-04 2.045E-02 2.045E-02
       1.100E+01 4.563E-07 1.434E-02 1.307E-07 5.053E-03 3.961E-04 1.979E-02 1.979E-02
       1.200E+01 3.834E-07 1.345E-02 1.188E-07 5.360E-03 4.381E-04 1.925E-02 1.925E-02
       1.300E+01 3.267E-07 1.267E-02 1.088E-07 5.648E-03 4.780E-04 1.880E-02 1.880E-02
       1.400E+01 2.817E-07 1.199E-02 1.004E-07 5.914E-03 5.158E-04 1.842E-02 1.842E-02
       1.500E+01 2.454E-07 1.138E-02 9.319E-08 6.165E-03 5.518E-04 1.810E-02 1.810E-02
       1.600E+01 2.157E-07 1.084E-02 8.697E-08 6.400E-03 5.862E-04 1.783E-02 1.783E-02
       1.800E+01 1.704E-07 9.907E-03 7.667E-08 6.829E-03 6.501E-04 1.739E-02 1.739E-02
       2.000E+01 1.380E-07 9.135E-03 6.857E-08 7.212E-03 7.085E-04 1.706E-02 1.706E-02
       2.200E+01 1.141E-07 8.486E-03 6.200E-08 7.563E-03 7.626E-04 1.681E-02 1.681E-02
       2.400E+01 9.586E-08 7.928E-03 5.657E-08 7.879E-03 8.124E-04 1.662E-02 1.662E-02
       2.600E+01 8.167E-08 7.446E-03 5.202E-08 8.171E-03 8.587E-04 1.648E-02 1.648E-02
       2.800E+01 7.042E-08 7.025E-03 4.815E-08 8.438E-03 9.020E-04 1.637E-02 1.637E-02
       3.000E+01 6.136E-08 6.652E-03 4.481E-08 8.686E-03 9.423E-04 1.628E-02 1.628E-02
       4.000E+01 3.451E-08 5.286E-03 3.328E-08 9.707E-03 1.112E-03 1.611E-02 1.611E-02
       5.000E+01 2.208E-08 4.411E-03 2.646E-08 1.048E-02 1.245E-03 1.614E-02 1.614E-02
       6.000E+01 1.534E-08 3.801E-03 2.197E-08 1.110E-02 1.352E-03 1.625E-02 1.625E-02
       8.000E+01 8.625E-09 2.998E-03 1.639E-08 1.202E-02 1.519E-03 1.654E-02 1.654E-02
       1.000E+02 5.522E-09 2.488E-03 1.307E-08 1.270E-02 1.644E-03 1.683E-02 1.683E-02
       1.500E+02 2.453E-09 1.772E-03 8.682E-09 1.383E-02 1.861E-03 1.747E-02 1.747E-02
       2.000E+02 1.380E-09 1.389E-03 6.498E-09 1.454E-02 2.004E-03 1.793E-02 1.793E-02
       3.000E+02 6.133E-10 9.847E-04 4.323E-09 1.538E-02 2.186E-03 1.855E-02 1.855E-02
       4.000E+02 3.450E-10 7.713E-04 3.239E-09 1.588E-02 2.299E-03 1.895E-02 1.895E-02
       5.000E+02 2.208E-10 6.382E-04 2.589E-09 1.621E-02 2.378E-03 1.923E-02 1.923E-02
       6.000E+02 1.533E-10 5.467E-04 2.157E-09 1.645E-02 2.437E-03 1.943E-02 1.943E-02
       8.000E+02 8.625E-11 4.269E-04 1.617E-09 1.677E-02 2.518E-03 1.971E-02 1.971E-02
       1.000E+03 5.522E-11 3.512E-04 1.293E-09 1.698E-02 2.573E-03 1.991E-02 1.991E-02
       1.500E+03 2.453E-11 2.453E-04 8.618E-10 1.729E-02 2.655E-03 2.019E-02 2.019E-02
       2.000E+03 1.380E-11 1.898E-04 6.462E-10 1.746E-02 2.702E-03 2.035E-02 2.035E-02
       3.000E+03 6.133E-12 1.320E-04 4.307E-10 1.764E-02 2.754E-03 2.053E-02 2.053E-02
       4.000E+03 3.450E-12 1.019E-04 3.230E-10 1.774E-02 2.784E-03 2.063E-02 2.063E-02
       5.000E+03 2.208E-12 8.331E-05 2.584E-10 1.780E-02 2.803E-03 2.069E-02 2.069E-02
       6.000E+03 1.533E-12 7.065E-05 2.153E-10 1.785E-02 2.816E-03 2.073E-02 2.073E-02
       8.000E+03 8.625E-13 5.441E-05 1.615E-10 1.790E-02 2.833E-03 2.079E-02 2.079E-02
       1.000E+04 5.522E-13 4.444E-05 1.292E-10 1.794E-02 2.844E-03 2.083E-02 2.083E-02
       1.500E+04 2.453E-13 3.071E-05 8.611E-11 1.799E-02 2.859E-03 2.088E-02 2.088E-02
       2.000E+04 1.380E-13 2.361E-05 6.458E-11 1.802E-02 2.868E-03 2.091E-02 2.091E-02
       3.000E+04 6.133E-14 1.628E-05 4.306E-11 1.805E-02 2.877E-03 2.094E-02 2.094E-02
       4.000E+04 3.450E-14 1.250E-05 3.229E-11 1.806E-02 2.882E-03 2.096E-02 2.096E-02
       5.000E+04 2.208E-14 1.018E-05 2.583E-11 1.807E-02 2.885E-03 2.097E-02 2.097E-02
       6.000E+04 1.533E-14 8.603E-06 2.153E-11 1.808E-02 2.887E-03 2.097E-02 2.097E-02
       8.000E+04 8.625E-15 6.597E-06 1.615E-11 1.809E-02 2.890E-03 2.098E-02 2.098E-02
       1.000E+05 5.522E-15 5.368E-06 1.292E-11 1.809E-02 2.891E-03 2.099E-02 2.099E-02